-43.5188 147.545 0.3 0.311111 0 0.2 0.0888889 0.4 11812 9416
-5.30158 123.952 0.3 0.2 0.04 0.28 0.04 0.44 2995 11942
-36.0296 123.454 0.3 0.261905 0.0952381 0.047619 0.309524 0.285714 12382 17421
-14.2961 149.858 0.3 0.263158 0.122807 0.105263 0.192982 0.315789 1869 2366
-3.41913 162.024 0.3 0.333333 0.311111 0.0666667 0.244444 0.0444444 12787 127
-36.2847 141.396 0.3 0.255814 0.302326 0.186047 0.162791 0.0930232 15116 15211
-12.229 137.177 0.3 0.0638298 0.0212766 0.191489 0.382979 0.340425 3035 4644
-40.7006 113.937 0.3 0.3 0 0.1 0.2 0.4 9900 6259
-18.7182 125.845 0.3 0.25 0.25 0.15 0.025 0.325 3548 2083
-23.8304 157.929 0.3 0.269231 0.307692 0 0.115385 0.307692 13931 8762
-43.5188 147.545 0.3 0.311111 0 0.2 0.0888889 0.4 11812 9416 6918
-34.6557 165.437 0.3 0.0285714 0.2 0.0285714 0.314286 0.428571 11942 4827 5436
7.10261 140.403 0.3 0.0666667 0.433333 0.4 0.0666667 0.0333334 1170 2172 2349
-35.0594 153.57 0.3 0.192982 0.315789 0.157895 0.210526 0.122807 8753 17035 9894
1.33162 157.424 0.3 0.0606061 0.393939 0.393939 0.121212 0.030303 7711 10707 6868
-3.6069 164.51 0.3 0.0344828 0.293103 0.293103 0.327586 0.0517242 9741 9983 778
-24.3108 119.016 0.3 0.384615 0.0769231 0.307692 0.230769 0 8942 1718 5102
-0.635341 157.413 0.3 0.222222 0.2 0.222222 0.222222 0.133333 13555 6847 3548
-12.8674 136.741 0.3 0.1 0.35 0.4 0 0.15 7376 13931 8762
-17.0689 173.375 0.3 0.0967742 0.0483871 0.274194 0.290323 0.290323 2082 5383 16541
-43.5188 147.545 0.3 0.311111 0 0.2 0.0888889 0.4 11812 9416 6918 5705
0.458456 156.445 0.3 0.194444 0.0277778 0.305556 0.416667 0.0555556 4827 5436 14845 14604
-37.4771 113.688 0.3 0.244898 0.0408163 0.0204082 0.326531 0.367347 2349 5447 4180 14771
-25.5282 116.86 0.3 0.179104 0.104478 0.283582 0.223881 0.208955 11157 6265 13776 12787
-15.9282 122.027 0.3 0.025 0.275 0.325 0.2 0.175 10098 15116 15211 2491
-23.4611 129.531 0.3 0.0169492 0.152542 0.305085 0.271186 0.254237 4644 1842 288 12560
-29.4371 129.936 0.3 0.121212 0.242424 0.181818 0.151515 0.30303 6729 6824 15350 15006
5.08401 158.5 0.3 0.210526 0.236842 0.0789474 0.105263 0.368421 1210 11840 4966 7376
-21.7837 162.041 0.3 0.0816327 0.387755 0.122449 0.0612245 0.346939 3992 16118 2082 5383
-17.6995 122.34 0.3 0.227273 0.287879 0.272727 0.0606061 0.151515 13977 2306 14127 4840
-43.5188 147.545 0.3 0.311111 0 0.2 0.0888889 0.4 11812 9416 6918 5705 10599
-7.15275 144.513 0.3 0.0277778 0.305556 0.416667 0.0555556 0.194444 5436 14845 14604 3902 153
-43.126 136.296 0.3 0.0175439 0.280702 0.315789 0.263158 0.122807 4180 14771 11538 1869 2366
-3.41913 162.024 0.3 0.333333 0.311111 0.0666667 0.244444 0.0444444 12787 127 4664 15141 7711
0.627455 126.102 0.3 0.148936 0.0851064 0.0425532 0.361702 0.361702 12859 8723 9741 9983 778
-24.3108 119.016 0.3 0.384615 0.0769231 0.307692 0.230769 0 8942 1718 5102 9900 6259
-18.7182 125.845 0.3 0.25 0.25 0.15 0.025 0.325 3548 2083 12623 6538 2408
-14.2335 135.294 0.3 0.133333 0.355556 0.244444 0.177778 0.0888889 14893 7080 11323 5537 3992
-18.3614 117.254 0.3 0.157895 0.0175439 0.22807 0.263158 0.333333 12112 5158 9930 13977 2306
5.97908 154.79 0.3 0.03125 0.15625 0.125 0.375 0.3125 5829 9231 15573 5097 16512
-43.5188 147.545 0.3 0.311111 0 0.2 0.0888889 0.4 11812 9416 6918 5705 10599 5735
-17.252 131.82 0.3 0.215686 0.294118 0.0392157 0.137255 0.313725 14845 14604 3902 153 292 12382
-16.3225 148.005 0.3 0.315789 0.263158 0.122807 0.105263 0.192982 11538 1869 2366 8121 8753 17035
-28.1008 166.468 0.3 0.255814 0.0465116 0.302326 0.302326 0.0930233 15141 7711 10707 6868 8001 10098
7.52667 173.963 0.3 0.346939 0.387755 0.0612245 0.0204082 0.183674 778 12316 3035 4644 1842 288
3.52703 130.117 0.3 0.08 0.16 0.32 0.24 0.2 15890 6729 6824 15350 15006 13555
-5.41269 119.964 0.3 0.195652 0.0652174 0.0869565 0.304348 0.347826 11840 4966 7376 13931 8762 16944
7.17772 158.931 0.3 0.0517241 0.293103 0.310345 0.310345 0.0344828 5383 16541 4833 13569 4639 12112
-8.05564 131.763 0.3 0.395349 0.139535 0.302326 0.139535 0.0232558 11199 9378 1526 6270 5829 9231
-19.2142 122.828 0.3 0.266667 0.133333 0.222222 0.0222222 0.355556 4809 7221 6109 15574 4031 12052
-43.5188 147.545 0.3 0.311111 0 0.2 0.0888889 0.4 11812 9416 6918 5705 10599 5735 16827
-27.9959 114.313 0.3 0.294118 0.0392157 0.137255 0.313725 0.215686 14604 3902 153 292 12382 17421 1170
-12.7281 150.185 0.3 0.137255 0.117647 0.215686 0.352941 0.176471 2366 8121 8753 17035 9894 11157 6265
5.42984 169.482 0.3 0.309524 0.0952381 0.0238095 0.261905 0.309524 6868 8001 10098 15116 15211 2491 12859
-29.9331 131.413 0.3 0.132353 0.264706 0.235294 0.220588 0.147059 1842 288 12560 9040 8942 1718 5102
-0.635341 157.413 0.3 0.222222 0.2 0.222222 0.222222 0.133333 13555 6847 3548 2083 12623 6538 2408
-14.2335 135.294 0.3 0.133333 0.355556 0.244444 0.177778 0.0888889 14893 7080 11323 5537 3992 16118 2082
-7.70356 143.984 0.3 0.188406 0.217391 0.275362 0.26087 0.0579711 9930 13977 2306 14127 4840 5021 11199
-1.45217 148.663 0.3 0.151515 0.136364 0.257576 0.19697 0.257576 16512 6440 13290 9161 1090 4809 7221
-6.56751 142.197 0.3 0.25 0.272727 0.227273 0.227273 0.0227273 4178 13966 3430 13561 12645 461 11337
-43.5188 147.545 0.3 0.311111 0 0.2 0.0888889 0.4 11812 9416 6918 5705 10599 5735 16827 9961
-42.8146 118.942 0.3 0.05 0.175 0.4 0.275 0.1 3902 153 292 12382 17421 1170 2172 2349
-35.0594 153.57 0.3 0.192982 0.315789 0.157895 0.210526 0.122807 8753 17035 9894 11157 6265 13776 12787 127
-36.2847 141.396 0.3 0.255814 0.302326 0.186047 0.162791 0.0930232 15116 15211 2491 12859 8723 9741 9983 778
-24.3108 119.016 0.3 0.384615 0.0769231 0.307692 0.230769 0 8942 1718 5102 9900 6259 15890 6729 6824
-19.5632 141.147 0.3 0.0294118 0.382353 0.235294 0.264706 0.0882353 6538 2408 1210 11840 4966 7376 13931 8762
-17.0689 173.375 0.3 0.0967742 0.0483871 0.274194 0.290323 0.290323 2082 5383 16541 4833 13569 4639 12112 5158
-28.0444 139.244 0.3 0.193548 0.419355 0.193548 0.0322581 0.16129 9378 1526 6270 5829 9231 15573 5097 16512
-6.04956 137.974 0.3 0.0185185 0.296296 0.277778 0.12963 0.277778 15574 4031 12052 9804 1150 16941 4178 13966
-38.2157 170.912 0.3 0.186441 0.118644 0.288136 0.288136 0.118644 10207 10383 14945 8909 14663 9758 6675 1042
