-43.5188 147.545 0.1 0.311111 0 0.2 0.0888889 0.4 11812 9416 6918
-34.6557 165.437 0.1 0.0285714 0.2 0.0285714 0.314286 0.428571 11942 4827 5436
7.10261 140.403 0.1 0.0666667 0.433333 0.4 0.0666667 0.0333334 1170 2172 2349
-35.0594 153.57 0.1 0.192982 0.315789 0.157895 0.210526 0.122807 8753 17035 9894
1.33162 157.424 0.1 0.0606061 0.393939 0.393939 0.121212 0.030303 7711 10707 6868
-3.6069 164.51 0.1 0.0344828 0.293103 0.293103 0.327586 0.0517242 9741 9983 778
-24.3108 119.016 0.1 0.384615 0.0769231 0.307692 0.230769 0 8942 1718 5102
-0.635341 157.413 0.1 0.222222 0.2 0.222222 0.222222 0.133333 13555 6847 3548
-12.8674 136.741 0.1 0.1 0.35 0.4 0 0.15 7376 13931 8762
-17.0689 173.375 0.1 0.0967742 0.0483871 0.274194 0.290323 0.290323 2082 5383 16541
-43.5188 147.545 0.2 0.311111 0 0.2 0.0888889 0.4 11812 9416 6918
-34.6557 165.437 0.2 0.0285714 0.2 0.0285714 0.314286 0.428571 11942 4827 5436
7.10261 140.403 0.2 0.0666667 0.433333 0.4 0.0666667 0.0333334 1170 2172 2349
-35.0594 153.57 0.2 0.192982 0.315789 0.157895 0.210526 0.122807 8753 17035 9894
1.33162 157.424 0.2 0.0606061 0.393939 0.393939 0.121212 0.030303 7711 10707 6868
-3.6069 164.51 0.2 0.0344828 0.293103 0.293103 0.327586 0.0517242 9741 9983 778
-24.3108 119.016 0.2 0.384615 0.0769231 0.307692 0.230769 0 8942 1718 5102
-0.635341 157.413 0.2 0.222222 0.2 0.222222 0.222222 0.133333 13555 6847 3548
-12.8674 136.741 0.2 0.1 0.35 0.4 0 0.15 7376 13931 8762
-17.0689 173.375 0.2 0.0967742 0.0483871 0.274194 0.290323 0.290323 2082 5383 16541
-43.5188 147.545 0.3 0.311111 0 0.2 0.0888889 0.4 11812 9416 6918
-34.6557 165.437 0.3 0.0285714 0.2 0.0285714 0.314286 0.428571 11942 4827 5436
7.10261 140.403 0.3 0.0666667 0.433333 0.4 0.0666667 0.0333334 1170 2172 2349
-35.0594 153.57 0.3 0.192982 0.315789 0.157895 0.210526 0.122807 8753 17035 9894
1.33162 157.424 0.3 0.0606061 0.393939 0.393939 0.121212 0.030303 7711 10707 6868
-3.6069 164.51 0.3 0.0344828 0.293103 0.293103 0.327586 0.0517242 9741 9983 778
-24.3108 119.016 0.3 0.384615 0.0769231 0.307692 0.230769 0 8942 1718 5102
-0.635341 157.413 0.3 0.222222 0.2 0.222222 0.222222 0.133333 13555 6847 3548
-12.8674 136.741 0.3 0.1 0.35 0.4 0 0.15 7376 13931 8762
-17.0689 173.375 0.3 0.0967742 0.0483871 0.274194 0.290323 0.290323 2082 5383 16541
-43.5188 147.545 0.4 0.311111 0 0.2 0.0888889 0.4 11812 9416 6918
-34.6557 165.437 0.4 0.0285714 0.2 0.0285714 0.314286 0.428571 11942 4827 5436
7.10261 140.403 0.4 0.0666667 0.433333 0.4 0.0666667 0.0333334 1170 2172 2349
-35.0594 153.57 0.4 0.192982 0.315789 0.157895 0.210526 0.122807 8753 17035 9894
1.33162 157.424 0.4 0.0606061 0.393939 0.393939 0.121212 0.030303 7711 10707 6868
-3.6069 164.51 0.4 0.0344828 0.293103 0.293103 0.327586 0.0517242 9741 9983 778
-24.3108 119.016 0.4 0.384615 0.0769231 0.307692 0.230769 0 8942 1718 5102
-0.635341 157.413 0.4 0.222222 0.2 0.222222 0.222222 0.133333 13555 6847 3548
-12.8674 136.741 0.4 0.1 0.35 0.4 0 0.15 7376 13931 8762
-17.0689 173.375 0.4 0.0967742 0.0483871 0.274194 0.290323 0.290323 2082 5383 16541
-43.5188 147.545 0.5 0.311111 0 0.2 0.0888889 0.4 11812 9416 6918
-34.6557 165.437 0.5 0.0285714 0.2 0.0285714 0.314286 0.428571 11942 4827 5436
7.10261 140.403 0.5 0.0666667 0.433333 0.4 0.0666667 0.0333334 1170 2172 2349
-35.0594 153.57 0.5 0.192982 0.315789 0.157895 0.210526 0.122807 8753 17035 9894
1.33162 157.424 0.5 0.0606061 0.393939 0.393939 0.121212 0.030303 7711 10707 6868
-3.6069 164.51 0.5 0.0344828 0.293103 0.293103 0.327586 0.0517242 9741 9983 778
-24.3108 119.016 0.5 0.384615 0.0769231 0.307692 0.230769 0 8942 1718 5102
-0.635341 157.413 0.5 0.222222 0.2 0.222222 0.222222 0.133333 13555 6847 3548
-12.8674 136.741 0.5 0.1 0.35 0.4 0 0.15 7376 13931 8762
-17.0689 173.375 0.5 0.0967742 0.0483871 0.274194 0.290323 0.290323 2082 5383 16541
-43.5188 147.545 0.6 0.311111 0 0.2 0.0888889 0.4 11812 9416 6918
-34.6557 165.437 0.6 0.0285714 0.2 0.0285714 0.314286 0.428571 11942 4827 5436
7.10261 140.403 0.6 0.0666667 0.433333 0.4 0.0666667 0.0333334 1170 2172 2349
-35.0594 153.57 0.6 0.192982 0.315789 0.157895 0.210526 0.122807 8753 17035 9894
1.33162 157.424 0.6 0.0606061 0.393939 0.393939 0.121212 0.030303 7711 10707 6868
-3.6069 164.51 0.6 0.0344828 0.293103 0.293103 0.327586 0.0517242 9741 9983 778
-24.3108 119.016 0.6 0.384615 0.0769231 0.307692 0.230769 0 8942 1718 5102
-0.635341 157.413 0.6 0.222222 0.2 0.222222 0.222222 0.133333 13555 6847 3548
-12.8674 136.741 0.6 0.1 0.35 0.4 0 0.15 7376 13931 8762
-17.0689 173.375 0.6 0.0967742 0.0483871 0.274194 0.290323 0.290323 2082 5383 16541
-43.5188 147.545 0.7 0.311111 0 0.2 0.0888889 0.4 11812 9416 6918
-34.6557 165.437 0.7 0.0285714 0.2 0.0285714 0.314286 0.428571 11942 4827 5436
7.10261 140.403 0.7 0.0666667 0.433333 0.4 0.0666667 0.0333334 1170 2172 2349
-35.0594 153.57 0.7 0.192982 0.315789 0.157895 0.210526 0.122807 8753 17035 9894
1.33162 157.424 0.7 0.0606061 0.393939 0.393939 0.121212 0.030303 7711 10707 6868
-3.6069 164.51 0.7 0.0344828 0.293103 0.293103 0.327586 0.0517242 9741 9983 778
-24.3108 119.016 0.7 0.384615 0.0769231 0.307692 0.230769 0 8942 1718 5102
-0.635341 157.413 0.7 0.222222 0.2 0.222222 0.222222 0.133333 13555 6847 3548
-12.8674 136.741 0.7 0.1 0.35 0.4 0 0.15 7376 13931 8762
-17.0689 173.375 0.7 0.0967742 0.0483871 0.274194 0.290323 0.290323 2082 5383 16541
