18.9702 -82.1016 0.1 0.311111 0 0.2 0.0888889 0.4 29358 26962 24464
27.1348 -31.6695 0.1 0.0285714 0.2 0.0285714 0.314286 0.428571 11942 4827 5436
65.6029 -102.232 0.1 0.0666667 0.433333 0.4 0.0666667 0.0333334 18716 19718 19895
26.7629 -65.1189 0.1 0.192982 0.315789 0.157895 0.210526 0.122807 26299 17035 9894
60.2866 -54.254 0.1 0.0606061 0.393939 0.393939 0.121212 0.030303 7711 28253 6868
55.7372 -34.2802 0.1 0.0344828 0.293103 0.293103 0.327586 0.0517242 9741 27529 778
36.6646 -162.518 0.1 0.384615 0.0769231 0.307692 0.230769 0 8942 19264 22648
58.4746 -54.2852 0.1 0.222222 0.2 0.222222 0.222222 0.133333 31101 24393 3548
47.2064 -112.555 0.1 0.1 0.35 0.4 0 0.15 7376 13931 26308
43.3359 -9.29338 0.1 0.0967742 0.0483871 0.274194 0.290323 0.290323 2082 22929 16541
18.9702 -82.1016 0.2 0.311111 0 0.2 0.0888889 0.4 29358 26962 24464
27.1348 -31.6695 0.2 0.0285714 0.2 0.0285714 0.314286 0.428571 11942 4827 5436
65.6029 -102.232 0.2 0.0666667 0.433333 0.4 0.0666667 0.0333334 18716 19718 19895
26.7629 -65.1189 0.2 0.192982 0.315789 0.157895 0.210526 0.122807 26299 17035 9894
60.2866 -54.254 0.2 0.0606061 0.393939 0.393939 0.121212 0.030303 7711 28253 6868
55.7372 -34.2802 0.2 0.0344828 0.293103 0.293103 0.327586 0.0517242 9741 27529 778
36.6646 -162.518 0.2 0.384615 0.0769231 0.307692 0.230769 0 8942 19264 22648
58.4746 -54.2852 0.2 0.222222 0.2 0.222222 0.222222 0.133333 31101 24393 3548
47.2064 -112.555 0.2 0.1 0.35 0.4 0 0.15 7376 13931 26308
43.3359 -9.29338 0.2 0.0967742 0.0483871 0.274194 0.290323 0.290323 2082 22929 16541
18.9702 -82.1016 0.3 0.311111 0 0.2 0.0888889 0.4 29358 26962 24464
27.1348 -31.6695 0.3 0.0285714 0.2 0.0285714 0.314286 0.428571 11942 4827 5436
65.6029 -102.232 0.3 0.0666667 0.433333 0.4 0.0666667 0.0333334 18716 19718 19895
26.7629 -65.1189 0.3 0.192982 0.315789 0.157895 0.210526 0.122807 26299 17035 9894
60.2866 -54.254 0.3 0.0606061 0.393939 0.393939 0.121212 0.030303 7711 28253 6868
55.7372 -34.2802 0.3 0.0344828 0.293103 0.293103 0.327586 0.0517242 9741 27529 778
36.6646 -162.518 0.3 0.384615 0.0769231 0.307692 0.230769 0 8942 19264 22648
58.4746 -54.2852 0.3 0.222222 0.2 0.222222 0.222222 0.133333 31101 24393 3548
47.2064 -112.555 0.3 0.1 0.35 0.4 0 0.15 7376 13931 26308
43.3359 -9.29338 0.3 0.0967742 0.0483871 0.274194 0.290323 0.290323 2082 22929 16541
18.9702 -82.1016 0.4 0.311111 0 0.2 0.0888889 0.4 29358 26962 24464
27.1348 -31.6695 0.4 0.0285714 0.2 0.0285714 0.314286 0.428571 11942 4827 5436
65.6029 -102.232 0.4 0.0666667 0.433333 0.4 0.0666667 0.0333334 18716 19718 19895
26.7629 -65.1189 0.4 0.192982 0.315789 0.157895 0.210526 0.122807 26299 17035 9894
60.2866 -54.254 0.4 0.0606061 0.393939 0.393939 0.121212 0.030303 7711 28253 6868
55.7372 -34.2802 0.4 0.0344828 0.293103 0.293103 0.327586 0.0517242 9741 27529 778
36.6646 -162.518 0.4 0.384615 0.0769231 0.307692 0.230769 0 8942 19264 22648
58.4746 -54.2852 0.4 0.222222 0.2 0.222222 0.222222 0.133333 31101 24393 3548
47.2064 -112.555 0.4 0.1 0.35 0.4 0 0.15 7376 13931 26308
43.3359 -9.29338 0.4 0.0967742 0.0483871 0.274194 0.290323 0.290323 2082 22929 16541
18.9702 -82.1016 0.5 0.311111 0 0.2 0.0888889 0.4 29358 26962 24464
27.1348 -31.6695 0.5 0.0285714 0.2 0.0285714 0.314286 0.428571 11942 4827 5436
65.6029 -102.232 0.5 0.0666667 0.433333 0.4 0.0666667 0.0333334 18716 19718 19895
26.7629 -65.1189 0.5 0.192982 0.315789 0.157895 0.210526 0.122807 26299 17035 9894
60.2866 -54.254 0.5 0.0606061 0.393939 0.393939 0.121212 0.030303 7711 28253 6868
55.7372 -34.2802 0.5 0.0344828 0.293103 0.293103 0.327586 0.0517242 9741 27529 778
36.6646 -162.518 0.5 0.384615 0.0769231 0.307692 0.230769 0 8942 19264 22648
58.4746 -54.2852 0.5 0.222222 0.2 0.222222 0.222222 0.133333 31101 24393 3548
47.2064 -112.555 0.5 0.1 0.35 0.4 0 0.15 7376 13931 26308
43.3359 -9.29338 0.5 0.0967742 0.0483871 0.274194 0.290323 0.290323 2082 22929 16541
18.9702 -82.1016 0.6 0.311111 0 0.2 0.0888889 0.4 29358 26962 24464
27.1348 -31.6695 0.6 0.0285714 0.2 0.0285714 0.314286 0.428571 11942 4827 5436
65.6029 -102.232 0.6 0.0666667 0.433333 0.4 0.0666667 0.0333334 18716 19718 19895
26.7629 -65.1189 0.6 0.192982 0.315789 0.157895 0.210526 0.122807 26299 17035 9894
60.2866 -54.254 0.6 0.0606061 0.393939 0.393939 0.121212 0.030303 7711 28253 6868
55.7372 -34.2802 0.6 0.0344828 0.293103 0.293103 0.327586 0.0517242 9741 27529 778
36.6646 -162.518 0.6 0.384615 0.0769231 0.307692 0.230769 0 8942 19264 22648
58.4746 -54.2852 0.6 0.222222 0.2 0.222222 0.222222 0.133333 31101 24393 3548
47.2064 -112.555 0.6 0.1 0.35 0.4 0 0.15 7376 13931 26308
43.3359 -9.29338 0.6 0.0967742 0.0483871 0.274194 0.290323 0.290323 2082 22929 16541
18.9702 -82.1016 0.7 0.311111 0 0.2 0.0888889 0.4 29358 26962 24464
27.1348 -31.6695 0.7 0.0285714 0.2 0.0285714 0.314286 0.428571 11942 4827 5436
65.6029 -102.232 0.7 0.0666667 0.433333 0.4 0.0666667 0.0333334 18716 19718 19895
26.7629 -65.1189 0.7 0.192982 0.315789 0.157895 0.210526 0.122807 26299 17035 9894
60.2866 -54.254 0.7 0.0606061 0.393939 0.393939 0.121212 0.030303 7711 28253 6868
55.7372 -34.2802 0.7 0.0344828 0.293103 0.293103 0.327586 0.0517242 9741 27529 778
36.6646 -162.518 0.7 0.384615 0.0769231 0.307692 0.230769 0 8942 19264 22648
58.4746 -54.2852 0.7 0.222222 0.2 0.222222 0.222222 0.133333 31101 24393 3548
47.2064 -112.555 0.7 0.1 0.35 0.4 0 0.15 7376 13931 26308
43.3359 -9.29338 0.7 0.0967742 0.0483871 0.274194 0.290323 0.290323 2082 22929 16541
