61.5 700.5 0.3 0 0.183673 0.0816327 0.367347 0.367347 112 14 5
1717.5 1921.5 0.3 0.0277778 0.305556 0.416667 0.0555556 0.194444 36 141 54
1353 229.5 0.3 0.0384615 0.0192308 0.307692 0.346154 0.288462 47 126 71
3807 2803.5 0.3 0.12069 0.327586 0.258621 0.241379 0.0517241 111 122 33
4009.5 996 0.3 0.255814 0.302326 0.186047 0.162791 0.0930232 112 57 87
1288.5 1084.5 0.3 0.132353 0.264706 0.235294 0.220588 0.147059 42 138 106
60 1413 0.3 0.210526 0.157895 0.131579 0.263158 0.236842 70 50 6
1651.5 589.5 0.3 0.195652 0.0652174 0.0869565 0.304348 0.347826 140 16 26
2896.5 462 0.3 0.301587 0.0952381 0.047619 0.269841 0.285714 68 132 129
2311.5 1249.5 0.3 0.279412 0.264706 0.0588235 0.147059 0.25 56 23 36
