49.6242 0.231263 0.3 0.311111 0 0.2 0.0888889 0.4 29358 26962
63.9014 -7.20683 0.3 0.2 0.04 0.28 0.04 0.44 2995 11942
52.422 -7.36361 0.3 0.261905 0.0952381 0.047619 0.309524 0.285714 12382 17421
60.5412 0.960385 0.3 0.263158 0.122807 0.105263 0.192982 0.315789 1869 19912
64.6046 4.796 0.3 0.333333 0.311111 0.0666667 0.244444 0.0444444 30333 17673
52.3267 -1.70723 0.3 0.255814 0.302326 0.186047 0.162791 0.0930232 32662 32757
61.3135 -3.03726 0.3 0.0638298 0.0212766 0.191489 0.382979 0.340425 3035 22190
50.677 -10.364 0.3 0.3 0 0.1 0.2 0.4 27446 23805
58.8892 -6.61001 0.3 0.25 0.25 0.15 0.025 0.325 3548 19629
56.9794 3.50503 0.3 0.269231 0.307692 0 0.115385 0.307692 13931 26308
49.6242 0.231263 0.3 0.311111 0 0.2 0.0888889 0.4 29358 26962 24464
52.9352 5.8719 0.3 0.0285714 0.2 0.0285714 0.314286 0.428571 11942 4827 5436
68.5354 -2.02022 0.3 0.0666667 0.433333 0.4 0.0666667 0.0333334 18716 19718 19895
52.7844 2.13071 0.3 0.192982 0.315789 0.157895 0.210526 0.122807 26299 17035 9894
66.3794 3.34591 0.3 0.0606061 0.393939 0.393939 0.121212 0.030303 7711 28253 6868
64.5345 5.57991 0.3 0.0344828 0.293103 0.293103 0.327586 0.0517242 9741 27529 778
56.7999 -8.76299 0.3 0.384615 0.0769231 0.307692 0.230769 0 8942 19264 22648
65.6446 3.34242 0.3 0.222222 0.2 0.222222 0.222222 0.133333 31101 24393 3548
61.0749 -3.1748 0.3 0.1 0.35 0.4 0 0.15 7376 13931 26308
59.5053 8.37458 0.3 0.0967742 0.0483871 0.274194 0.290323 0.290323 2082 22929 16541
49.6242 0.231263 0.3 0.311111 0 0.2 0.0888889 0.4 29358 26962 24464 5705
66.0532 3.03701 0.3 0.194444 0.0277778 0.305556 0.416667 0.0555556 4827 5436 32391 14604
51.8812 -10.4427 0.3 0.244898 0.0408163 0.0204082 0.326531 0.367347 19895 5447 21726 14771
56.3451 -9.44257 0.3 0.179104 0.104478 0.283582 0.223881 0.208955 28703 23811 31322 30333
59.9315 -7.81356 0.3 0.025 0.275 0.325 0.2 0.175 27644 32662 32757 20037
57.1173 -5.44785 0.3 0.0169492 0.152542 0.305085 0.271186 0.254237 22190 1842 288 30106
54.8848 -5.32021 0.3 0.121212 0.242424 0.181818 0.151515 0.30303 6729 24370 15350 15006
67.7813 3.68512 0.3 0.210526 0.236842 0.0789474 0.105263 0.368421 18756 11840 4966 7376
57.744 4.80124 0.3 0.0816327 0.387755 0.122449 0.0612245 0.346939 21538 16118 2082 22929
59.2698 -7.71506 0.3 0.227273 0.287879 0.272727 0.0606061 0.151515 13977 2306 31673 22386
49.6242 0.231263 0.3 0.311111 0 0.2 0.0888889 0.4 29358 26962 24464 5705 28145
63.2098 -0.724581 0.3 0.0277778 0.305556 0.416667 0.0555556 0.194444 5436 32391 14604 3902 153
49.7709 -3.31527 0.3 0.0175439 0.280702 0.315789 0.263158 0.122807 21726 14771 11538 1869 19912
64.6046 4.796 0.3 0.333333 0.311111 0.0666667 0.244444 0.0444444 30333 17673 4664 15141 7711
66.1164 -6.529 0.3 0.148936 0.0851064 0.0425532 0.361702 0.361702 12859 8723 9741 27529 778
56.7999 -8.76299 0.3 0.384615 0.0769231 0.307692 0.230769 0 8942 19264 22648 27446 23805
58.8892 -6.61001 0.3 0.25 0.25 0.15 0.025 0.325 3548 19629 12623 24084 19954
60.5646 -3.63116 0.3 0.133333 0.355556 0.244444 0.177778 0.0888889 32439 24626 11323 5537 21538
59.0225 -9.31843 0.3 0.157895 0.0175439 0.22807 0.263158 0.333333 29658 22704 9930 13977 2306
68.1156 2.51538 0.3 0.03125 0.15625 0.125 0.375 0.3125 5829 26777 15573 5097 16512
49.6242 0.231263 0.3 0.311111 0 0.2 0.0888889 0.4 29358 26962 24464 5705 28145 23281
59.437 -4.7263 0.3 0.215686 0.294118 0.0392157 0.137255 0.313725 32391 14604 3902 153 292 12382
59.7842 0.376388 0.3 0.315789 0.263158 0.122807 0.105263 0.192982 11538 1869 19912 25667 26299 17035
55.3841 6.19712 0.3 0.255814 0.0465116 0.302326 0.302326 0.0930233 15141 7711 28253 6868 25547 27644
68.6938 8.55992 0.3 0.346939 0.387755 0.0612245 0.0204082 0.183674 778 12316 3035 22190 1842 288
67.1996 -5.26309 0.3 0.08 0.16 0.32 0.24 0.2 15890 6729 24370 15350 15006 31101
63.8599 -8.464 0.3 0.195652 0.0652174 0.0869565 0.304348 0.347826 11840 4966 7376 13931 26308 16944
68.5634 3.82092 0.3 0.0517241 0.293103 0.310345 0.310345 0.0344828 22929 16541 4833 31115 4639 29658
62.8725 -4.74437 0.3 0.395349 0.139535 0.302326 0.139535 0.0232558 28745 26924 19072 6270 5829 26777
58.7039 -7.56119 0.3 0.266667 0.133333 0.222222 0.0222222 0.355556 22355 24767 23655 15574 4031 12052
49.6242 0.231263 0.3 0.311111 0 0.2 0.0888889 0.4 29358 26962 24464 5705 28145 23281 16827
55.4232 -10.2457 0.3 0.294118 0.0392157 0.137255 0.313725 0.215686 14604 3902 153 292 12382 17421 18716
61.127 1.06355 0.3 0.137255 0.117647 0.215686 0.352941 0.176471 19912 25667 26299 17035 9894 28703 23811
67.9105 7.14714 0.3 0.309524 0.0952381 0.0238095 0.261905 0.309524 6868 25547 27644 32662 32757 20037 12859
54.6995 -4.85452 0.3 0.132353 0.264706 0.235294 0.220588 0.147059 1842 288 30106 9040 8942 19264 22648
65.6446 3.34242 0.3 0.222222 0.2 0.222222 0.222222 0.133333 31101 24393 3548 19629 12623 24084 19954
60.5646 -3.63116 0.3 0.133333 0.355556 0.244444 0.177778 0.0888889 32439 24626 11323 5537 21538 16118 2082
63.0041 -0.891271 0.3 0.188406 0.217391 0.275362 0.26087 0.0579711 9930 13977 2306 31673 22386 5021 28745
65.3395 0.583876 0.3 0.151515 0.136364 0.257576 0.19697 0.257576 16512 23986 13290 9161 18636 22355 24767
63.4285 -1.45487 0.3 0.25 0.272727 0.227273 0.227273 0.0227273 21724 13966 3430 31107 30191 18007 11337
49.6242 0.231263 0.3 0.311111 0 0.2 0.0888889 0.4 29358 26962 24464 5705 28145 23281 16827 9961
49.8872 -8.7863 0.3 0.05 0.175 0.4 0.275 0.1 3902 153 292 12382 17421 18716 19718 19895
52.7844 2.13071 0.3 0.192982 0.315789 0.157895 0.210526 0.122807 26299 17035 9894 28703 23811 31322 30333 17673
52.3267 -1.70723 0.3 0.255814 0.302326 0.186047 0.162791 0.0930232 32662 32757 20037 12859 8723 9741 27529 778
56.7999 -8.76299 0.3 0.384615 0.0769231 0.307692 0.230769 0 8942 19264 22648 27446 23805 15890 6729 24370
58.5735 -1.78592 0.3 0.0294118 0.382353 0.235294 0.264706 0.0882353 24084 19954 18756 11840 4966 7376 13931 26308
59.5053 8.37458 0.3 0.0967742 0.0483871 0.274194 0.290323 0.290323 2082 22929 16541 4833 31115 4639 29658 22704
55.4051 -2.38565 0.3 0.193548 0.419355 0.193548 0.0322581 0.16129 26924 19072 6270 5829 26777 15573 5097 16512
63.622 -2.78606 0.3 0.0185185 0.296296 0.277778 0.12963 0.277778 15574 4031 12052 27350 1150 16941 21724 13966
51.6053 7.59825 0.3 0.186441 0.118644 0.288136 0.288136 0.118644 27753 10383 14945 8909 32209 9758 24221 18588
