49.6242 0.231263 0.1 0.311111 0 0.2 0.0888889 0.4 29358 26962 24464
52.9352 5.8719 0.1 0.0285714 0.2 0.0285714 0.314286 0.428571 11942 4827 5436
68.5354 -2.02022 0.1 0.0666667 0.433333 0.4 0.0666667 0.0333334 18716 19718 19895
52.7844 2.13071 0.1 0.192982 0.315789 0.157895 0.210526 0.122807 26299 17035 9894
66.3794 3.34591 0.1 0.0606061 0.393939 0.393939 0.121212 0.030303 7711 28253 6868
64.5345 5.57991 0.1 0.0344828 0.293103 0.293103 0.327586 0.0517242 9741 27529 778
56.7999 -8.76299 0.1 0.384615 0.0769231 0.307692 0.230769 0 8942 19264 22648
65.6446 3.34242 0.1 0.222222 0.2 0.222222 0.222222 0.133333 31101 24393 3548
61.0749 -3.1748 0.1 0.1 0.35 0.4 0 0.15 7376 13931 26308
59.5053 8.37458 0.1 0.0967742 0.0483871 0.274194 0.290323 0.290323 2082 22929 16541
49.6242 0.231263 0.2 0.311111 0 0.2 0.0888889 0.4 29358 26962 24464
52.9352 5.8719 0.2 0.0285714 0.2 0.0285714 0.314286 0.428571 11942 4827 5436
68.5354 -2.02022 0.2 0.0666667 0.433333 0.4 0.0666667 0.0333334 18716 19718 19895
52.7844 2.13071 0.2 0.192982 0.315789 0.157895 0.210526 0.122807 26299 17035 9894
66.3794 3.34591 0.2 0.0606061 0.393939 0.393939 0.121212 0.030303 7711 28253 6868
64.5345 5.57991 0.2 0.0344828 0.293103 0.293103 0.327586 0.0517242 9741 27529 778
56.7999 -8.76299 0.2 0.384615 0.0769231 0.307692 0.230769 0 8942 19264 22648
65.6446 3.34242 0.2 0.222222 0.2 0.222222 0.222222 0.133333 31101 24393 3548
61.0749 -3.1748 0.2 0.1 0.35 0.4 0 0.15 7376 13931 26308
59.5053 8.37458 0.2 0.0967742 0.0483871 0.274194 0.290323 0.290323 2082 22929 16541
49.6242 0.231263 0.3 0.311111 0 0.2 0.0888889 0.4 29358 26962 24464
52.9352 5.8719 0.3 0.0285714 0.2 0.0285714 0.314286 0.428571 11942 4827 5436
68.5354 -2.02022 0.3 0.0666667 0.433333 0.4 0.0666667 0.0333334 18716 19718 19895
52.7844 2.13071 0.3 0.192982 0.315789 0.157895 0.210526 0.122807 26299 17035 9894
66.3794 3.34591 0.3 0.0606061 0.393939 0.393939 0.121212 0.030303 7711 28253 6868
64.5345 5.57991 0.3 0.0344828 0.293103 0.293103 0.327586 0.0517242 9741 27529 778
56.7999 -8.76299 0.3 0.384615 0.0769231 0.307692 0.230769 0 8942 19264 22648
65.6446 3.34242 0.3 0.222222 0.2 0.222222 0.222222 0.133333 31101 24393 3548
61.0749 -3.1748 0.3 0.1 0.35 0.4 0 0.15 7376 13931 26308
59.5053 8.37458 0.3 0.0967742 0.0483871 0.274194 0.290323 0.290323 2082 22929 16541
49.6242 0.231263 0.4 0.311111 0 0.2 0.0888889 0.4 29358 26962 24464
52.9352 5.8719 0.4 0.0285714 0.2 0.0285714 0.314286 0.428571 11942 4827 5436
68.5354 -2.02022 0.4 0.0666667 0.433333 0.4 0.0666667 0.0333334 18716 19718 19895
52.7844 2.13071 0.4 0.192982 0.315789 0.157895 0.210526 0.122807 26299 17035 9894
66.3794 3.34591 0.4 0.0606061 0.393939 0.393939 0.121212 0.030303 7711 28253 6868
64.5345 5.57991 0.4 0.0344828 0.293103 0.293103 0.327586 0.0517242 9741 27529 778
56.7999 -8.76299 0.4 0.384615 0.0769231 0.307692 0.230769 0 8942 19264 22648
65.6446 3.34242 0.4 0.222222 0.2 0.222222 0.222222 0.133333 31101 24393 3548
61.0749 -3.1748 0.4 0.1 0.35 0.4 0 0.15 7376 13931 26308
59.5053 8.37458 0.4 0.0967742 0.0483871 0.274194 0.290323 0.290323 2082 22929 16541
49.6242 0.231263 0.5 0.311111 0 0.2 0.0888889 0.4 29358 26962 24464
52.9352 5.8719 0.5 0.0285714 0.2 0.0285714 0.314286 0.428571 11942 4827 5436
68.5354 -2.02022 0.5 0.0666667 0.433333 0.4 0.0666667 0.0333334 18716 19718 19895
52.7844 2.13071 0.5 0.192982 0.315789 0.157895 0.210526 0.122807 26299 17035 9894
66.3794 3.34591 0.5 0.0606061 0.393939 0.393939 0.121212 0.030303 7711 28253 6868
64.5345 5.57991 0.5 0.0344828 0.293103 0.293103 0.327586 0.0517242 9741 27529 778
56.7999 -8.76299 0.5 0.384615 0.0769231 0.307692 0.230769 0 8942 19264 22648
65.6446 3.34242 0.5 0.222222 0.2 0.222222 0.222222 0.133333 31101 24393 3548
61.0749 -3.1748 0.5 0.1 0.35 0.4 0 0.15 7376 13931 26308
59.5053 8.37458 0.5 0.0967742 0.0483871 0.274194 0.290323 0.290323 2082 22929 16541
49.6242 0.231263 0.6 0.311111 0 0.2 0.0888889 0.4 29358 26962 24464
52.9352 5.8719 0.6 0.0285714 0.2 0.0285714 0.314286 0.428571 11942 4827 5436
68.5354 -2.02022 0.6 0.0666667 0.433333 0.4 0.0666667 0.0333334 18716 19718 19895
52.7844 2.13071 0.6 0.192982 0.315789 0.157895 0.210526 0.122807 26299 17035 9894
66.3794 3.34591 0.6 0.0606061 0.393939 0.393939 0.121212 0.030303 7711 28253 6868
64.5345 5.57991 0.6 0.0344828 0.293103 0.293103 0.327586 0.0517242 9741 27529 778
56.7999 -8.76299 0.6 0.384615 0.0769231 0.307692 0.230769 0 8942 19264 22648
65.6446 3.34242 0.6 0.222222 0.2 0.222222 0.222222 0.133333 31101 24393 3548
61.0749 -3.1748 0.6 0.1 0.35 0.4 0 0.15 7376 13931 26308
59.5053 8.37458 0.6 0.0967742 0.0483871 0.274194 0.290323 0.290323 2082 22929 16541
49.6242 0.231263 0.7 0.311111 0 0.2 0.0888889 0.4 29358 26962 24464
52.9352 5.8719 0.7 0.0285714 0.2 0.0285714 0.314286 0.428571 11942 4827 5436
68.5354 -2.02022 0.7 0.0666667 0.433333 0.4 0.0666667 0.0333334 18716 19718 19895
52.7844 2.13071 0.7 0.192982 0.315789 0.157895 0.210526 0.122807 26299 17035 9894
66.3794 3.34591 0.7 0.0606061 0.393939 0.393939 0.121212 0.030303 7711 28253 6868
64.5345 5.57991 0.7 0.0344828 0.293103 0.293103 0.327586 0.0517242 9741 27529 778
56.7999 -8.76299 0.7 0.384615 0.0769231 0.307692 0.230769 0 8942 19264 22648
65.6446 3.34242 0.7 0.222222 0.2 0.222222 0.222222 0.133333 31101 24393 3548
61.0749 -3.1748 0.7 0.1 0.35 0.4 0 0.15 7376 13931 26308
59.5053 8.37458 0.7 0.0967742 0.0483871 0.274194 0.290323 0.290323 2082 22929 16541

